5	1000026	90
5	1000125	90
5	1002404	90
5	1003454	90
5	1004095	0
5	1006389	100
5	1007723	0
5	1010065	90
5	1010309	100
5	1010787	0
5	1012011	90
5	1012920	100
5	1013012	0
5	1013025	100
5	1013213	0
5	1013384	0
5	1013412	100
5	1013565	100
5	1014120	100
5	1014252	0
5	1014287	100
5	1014312	0
5	1015454	100
5	1015750	0
5	1017306	100
5	1017555	90
5	1018995	0
5	1019134	90
5	1020326	0
5	1020829	0
5	1021580	0
5	1022629	0
5	1022980	90
5	1024467	100
5	1025005	0
5	1026194	100
5	1026260	100
5	1029481	90
5	1029489	90
5	1029612	0
5	1029908	100
5	1030683	90
5	1030879	0
5	1031044	100
5	1031503	0
5	1031703	100
5	1031913	90
5	1032638	100
5	1033451	0
5	1033747	0
5	1034883	100
5	1037490	0
5	1037847	90
5	1043384	90
5	1043454	0
5	1044487	0
5	1045525	0
5	1045704	90
5	1046331	0
5	1052054	0
5	1052094	0
5	1052200	0
5	1053407	0
5	1053686	100
5	1081608	90
5	1097498	0
5	1097550	0
5	1098048	0
5	1098125	0
5	1098209	0
5	1099251	100
5	1099368	0
6	1000335	50
6	1006078	30
6	1006373	70
6	1007610	30
6	1008023	30
6	1009453	70
6	1010542	70
6	1010787	70
6	1010797	50
6	1012174	0
6	1012809	90
6	1014252	70
6	1014312	70
6	1014635	50
6	1015272	0
6	1015424	50
6	1016419	30
6	1017240	50
6	1017435	0
6	1017874	50
6	1018587	70
6	1019576	70
6	1019857	70
6	1021142	0
6	1021815	30
6	1021869	70
6	1021912	30
6	1021928	50
6	1022010	70
6	1022226	50
6	1022925	70
6	1024670	0
6	1024844	70
6	1025831	70
6	1026015	90
6	1026882	50
6	1027009	50
6	1027741	0
6	1027743	30
6	1030933	30
6	1031044	70
6	1031096	0
6	1032224	30
6	1032444	50
6	1034801	90
6	1039719	90
6	1041052	30
6	1042272	50
6	1042768	50
6	1044604	0
6	1045021	70
6	1045525	30
6	1048335	90
6	1051787	30
6	1052054	70
6	1052200	30
6	1053387	50
6	1053507	70
6	1053653	30
6	1062238	90
6	1083194	50
6	1097498	70
6	1098048	70
6	1098099	70
6	1098349	50
6	1098595	70
6	1098798	70
6	1099096	50
6	1099097	50
6	1099173	50
10	1000125	90
10	1000286	30
10	1000335	70
10	1000398	30
10	1000454	40
10	1000905	50
10	1001123	50
10	1001236	25
10	1001649	50
10	1001925	40
10	1002280	30
10	1002434	50
10	1002766	60
10	1002815	60
10	1002922	50
10	1002960	50
10	1003454	10
10	1003522	10
10	1003794	90
10	1003899	50
10	1004121	50
10	1004468	80
10	1004976	20
10	1005017	10
10	1005290	90
10	1005409	50
10	1005605	60
10	1005637	50
10	1005854	50
10	1005881	50
10	1005938	30
10	1006055	50
10	1006078	56
10	1006175	70
10	1006242	40
10	1006316	50
10	1006748	50
10	1006831	50
10	1006860	65
10	1006971	60
10	1006978	100
10	1007098	50
10	1007340	65
10	1007434	50
10	1007610	90
10	1007723	50
10	1008023	20
10	1008037	40
10	1008330	50
10	1008451	76
10	1008492	20
10	1009158	50
10	1009214	20
10	1009400	20
10	1009453	50
10	1009496	70
10	1009545	34
10	1010065	50
10	1010191	25
10	1010317	50
10	1010542	20
10	1010722	50
10	1010787	60
10	1011104	60
10	1011139	16
10	1011148	90
10	1011846	70
10	1012011	50
10	1012012	40
10	1012152	50
10	1012271	60
10	1012424	50
10	1012651	10
10	1012752	20
10	1012884	56
10	1013012	10
10	1013111	50
10	1013119	50
10	1013135	50
10	1013213	20
10	1013354	30
10	1013438	40
10	1013589	20
10	1014091	40
10	1014174	50
10	1014252	30
10	1014312	50
10	1014374	40
10	1014463	30
10	1014635	100
10	1014678	50
10	1014692	50
10	1014733	50
10	1014855	50
10	1015033	50
10	1015272	76
10	1015715	50
10	1015750	50
10	1016051	50
10	1016419	30
10	1016522	50
10	1016600	30
10	1016663	50
10	1016793	50
10	1016885	80
10	1017031	80
10	1017240	20
10	1017317	50
10	1017511	40
10	1017555	50
10	1017658	50
10	1017781	50
10	1017874	70
10	1017880	50
10	1017989	5
10	1018124	60
10	1018252	30
10	1018587	30
10	1018620	56
10	1018686	40
10	1019070	50
10	1019134	50
10	1019331	50
10	1019512	90
10	1019522	100
10	1019802	100
10	1019857	90
10	1020036	50
10	1020524	90
10	1020601	50
10	1020778	70
10	1020983	60
10	1020993	50
10	1021142	65
10	1021402	50
10	1021580	20
10	1021623	30
10	1021718	50
10	1021815	20
10	1021869	60
10	1021928	100
10	1022226	30
10	1022601	50
10	1022808	90
10	1022980	50
10	1023479	50
10	1023509	85
10	1024095	50
10	1024111	50
10	1024272	45
10	1024759	76
10	1024951	50
10	1025681	50
10	1025801	50
10	1025831	40
10	1025892	50
10	1026044	70
10	1026260	50
10	1026581	45
10	1026620	50
10	1026819	50
10	1026882	10
10	1027496	50
10	1027718	30
10	1027798	60
10	1028073	40
10	1028746	50
10	1029091	40
10	1029127	50
10	1029227	10
10	1029275	50
10	1029489	40
10	1029737	50
10	1029764	50
10	1030683	50
10	1030710	10
10	1030879	10
10	1030933	60
10	1030937	20
10	1031469	100
10	1033326	50
10	1033451	50
10	1033613	50
10	1034047	50
10	1034801	45
10	1036157	50
10	1036736	70
10	1036743	80
10	1037066	50
10	1037490	50
10	1037698	50
10	1037847	60
10	1038931	36
10	1039877	60
10	1040071	50
10	1040751	50
10	1041557	34
10	1042768	5
10	1042991	50
10	1043818	50
10	1043833	90
10	1045021	60
10	1045704	20
10	1048324	90
10	1052069	20
10	1053507	50
10	1053653	50
10	1098098	96
10	1098153	50
10	1098224	50
10	1098461	50
10	1098595	50
10	1098798	40
10	1099096	50
14	1000276	100
14	1001301	100
14	1004095	80
14	1007331	90
14	1007446	100
14	1010309	100
14	1013213	90
14	1014120	90
14	1014635	100
14	1018344	100
14	1018980	100
14	1025005	100
14	1027009	100
14	1027741	90
14	1028100	100
14	1028955	100
14	1030691	100
14	1030879	90
14	1032861	80
14	1033427	50
14	1033451	100
14	1033613	100
14	1034904	50
14	1037847	100
14	1040692	100
14	1041735	80
14	1043454	100
14	1043718	100
14	1044487	100
14	1045525	100
14	1045704	100
14	1046331	90
14	1048320	100
14	1048902	100
14	1049197	100
14	1051565	90
14	1052200	100
14	1053407	100
14	1053686	80
14	1081608	100
14	1089503	100
14	1097368	100
14	1097498	100
14	1098209	80
14	1098234	100
14	1098799	90
14	1098995	30
14	1099015	100
14	1099049	100
14	1099097	100
14	1099251	100
14	1099257	100
14	1099537	100
14	1099550	100
14	1099699	80
15	1000335	90
15	1000454	90
15	1000905	0
15	1001624	70
15	1001779	0
15	1002355	0
15	1002389	90
15	1002790	90
15	1002815	70
15	1004159	0
15	1004468	90
15	1005017	50
15	1005290	70
15	1005331	50
15	1005909	90
15	1006078	70
15	1007098	50
15	1007340	90
15	1007610	30
15	1008023	90
15	1008492	0
15	1009073	90
15	1009214	90
15	1009352	90
15	1009400	90
15	1010542	90
15	1010722	90
15	1010787	90
15	1011710	90
15	1012884	90
15	1013151	70
15	1013542	0
15	1013735	90
15	1014252	70
15	1014635	90
15	1015272	70
15	1016419	70
15	1017240	90
15	1017874	90
15	1018587	0
15	1019456	70
15	1019512	90
15	1019522	90
15	1019857	90
15	1020268	90
15	1020313	90
15	1020524	90
15	1020778	90
15	1020983	90
15	1020993	0
15	1021142	90
15	1021527	90
15	1021815	90
15	1021869	90
15	1021912	50
15	1022010	70
15	1022096	50
15	1022226	90
15	1022925	50
15	1023964	0
15	1024759	50
15	1024844	70
15	1025831	90
15	1026612	90
15	1026882	90
15	1027385	90
15	1027386	90
15	1028073	90
15	1028255	70
15	1029753	70
15	1029833	90
15	1029910	50
15	1030037	90
15	1030277	0
15	1030760	90
15	1032774	90
15	1034801	90
15	1042272	90
15	1042768	90
15	1044487	0
15	1044605	90
15	1045021	70
15	1045525	0
15	1046217	0
15	1048825	50
15	1053507	90
15	1053653	90
15	1054175	70
15	1078363	50
15	1083194	50
15	1098099	90
15	1098208	50
15	1098270	70
15	1098595	70
15	1098798	50
15	1099485	0
20	1000012	82
20	1000252	74
20	1000276	80
20	1000286	80
20	1000335	79
20	1000398	90
20	1000454	90
20	1000656	30
20	1000746	90
20	1000861	80
20	1000905	80
20	1001073	90
20	1001137	90
20	1001301	70
20	1001624	80
20	1001625	80
20	1001649	85
20	1001700	50
20	1001779	90
20	1001862	80
20	1001925	92
20	1002202	85
20	1002217	90
20	1002256	70
20	1002365	73
20	1002389	87
20	1002542	100
20	1002766	80
20	1002790	96
20	1002839	20
20	1002955	50
20	1002960	92
20	1002990	80
20	1003063	61
20	1003229	78
20	1003349	87
20	1003408	79
20	1003454	90
20	1003522	80
20	1003525	79
20	1003574	60
20	1003704	30
20	1003846	80
20	1004078	90
20	1004167	83
20	1004453	80
20	1004459	13
20	1004568	90
20	1004785	80
20	1004866	72
20	1004878	80
20	1004943	90
20	1004947	61
20	1004976	80
20	1005017	93
20	1005290	90
20	1005410	80
20	1005472	70
20	1005474	90
20	1005513	70
20	1005580	50
20	1005605	90
20	1005881	90
20	1005938	100
20	1006016	70
20	1006078	90
20	1006130	90
20	1006149	91
20	1006175	78
20	1006227	85
20	1006316	90
20	1006803	80
20	1006953	59
20	1006971	70
20	1007098	90
20	1007206	76
20	1007275	61
20	1007331	80
20	1007340	70
20	1007374	80
20	1007420	80
20	1007607	91
20	1007610	80
20	1007723	60
20	1007939	80
20	1007986	75
20	1008023	71
20	1008099	80
20	1008277	80
20	1008412	80
20	1008492	60
20	1008505	80
20	1008603	88
20	1008656	40
20	1008667	79
20	1008847	60
20	1008873	73
20	1009073	60
20	1009158	70
20	1009214	90
20	1009321	70
20	1009326	80
20	1009352	87
20	1009400	90
20	1009453	73
20	1009730	80
20	1009850	80
20	1009954	78
20	1009965	90
20	1010065	79
20	1010122	80
20	1010234	80
20	1010299	90
20	1010317	85
20	1010542	78
20	1010561	56
20	1010722	90
20	1010787	78
20	1011104	78
20	1011242	63
20	1011512	69
20	1011532	80
20	1011586	90
20	1011623	80
20	1011710	80
20	1011846	90
20	1011848	79
20	1012011	78
20	1012145	80
20	1012285	80
20	1012481	80
20	1012648	90
20	1012651	90
20	1012752	50
20	1012764	90
20	1012859	91
20	1012903	80
20	1013012	85
20	1013025	80
20	1013104	80
20	1013151	83
20	1013213	80
20	1013280	90
20	1013354	50
20	1013384	70
20	1013424	94
20	1013438	86
20	1013492	70
20	1013543	70
20	1013596	70
20	1013649	90
20	1013691	90
20	1013806	75
20	1013915	87
20	1014120	80
20	1014252	70
20	1014312	70
20	1014381	80
20	1014426	70
20	1014463	60
20	1014855	81
20	1015034	70
20	1015161	90
20	1015272	90
20	1015374	70
20	1015387	80
20	1015439	80
20	1015493	81
20	1015560	73
20	1015725	90
20	1015750	70
20	1015787	64
20	1015805	83
20	1016051	85
20	1016419	80
20	1016600	90
20	1016793	75
20	1016885	20
20	1017031	88
20	1017122	90
20	1017240	81
20	1017274	87
20	1017354	80
20	1017474	80
20	1017559	89
20	1017568	60
20	1017644	90
20	1017716	80
20	1017764	90
20	1017819	56
20	1017874	0
20	1017927	90
20	1017989	60
20	1018138	78
20	1018224	90
20	1018252	60
20	1018342	30
20	1018587	90
20	1018620	82
20	1018686	70
20	1018759	70
20	1019059	90
20	1019331	90
20	1019456	90
20	1019512	60
20	1019522	80
20	1019547	87
20	1019658	80
20	1019802	80
20	1019857	80
20	1020265	86
20	1020268	36
20	1020313	69
20	1020326	90
20	1020487	78
20	1020640	80
20	1020739	74
20	1020778	78
20	1020940	78
20	1020983	83
20	1020993	90
20	1021054	60
20	1021142	79
20	1021186	70
20	1021265	65
20	1021300	72
20	1021402	20
20	1021580	81
20	1021623	65
20	1021718	76
20	1021754	63
20	1021815	85
20	1021869	80
20	1021912	60
20	1021928	40
20	1021958	70
20	1022226	95
20	1022385	80
20	1022538	83
20	1022601	60
20	1022925	98
20	1022980	50
20	1023000	70
20	1023070	90
20	1023106	87
20	1023274	90
20	1023356	90
20	1023542	90
20	1023566	83
20	1023631	74
20	1023790	80
20	1023876	59
20	1024111	90
20	1024130	90
20	1024523	92
20	1024533	90
20	1024538	90
20	1024549	70
20	1024565	80
20	1024602	80
20	1024639	75
20	1024844	80
20	1024951	70
20	1025173	90
20	1025268	70
20	1025396	81
20	1025475	70
20	1025477	95
20	1025681	90
20	1025776	77
20	1025801	83
20	1025831	90
20	1026007	89
20	1026015	83
20	1026044	80
20	1026109	60
20	1026184	80
20	1026209	60
20	1026288	76
20	1026328	70
20	1026420	60
20	1026500	80
20	1026581	81
20	1026620	90
20	1026856	50
20	1026882	90
20	1027046	80
20	1027086	80
20	1027178	81
20	1027263	80
20	1027333	67
20	1027386	87
20	1027718	73
20	1027766	90
20	1027798	92
20	1027978	80
20	1028073	80
20	1028184	80
20	1028251	50
20	1028253	80
20	1028358	92
20	1028603	85
20	1028852	80
20	1028964	85
20	1029068	40
20	1029091	70
20	1029420	80
20	1029489	79
20	1029630	30
20	1029753	80
20	1029764	50
20	1029833	50
20	1029955	76
20	1030037	80
20	1030047	70
20	1030054	74
20	1030666	58
20	1030683	70
20	1030710	89
20	1030760	80
20	1030879	90
20	1030937	90
20	1031240	80
20	1031507	87
20	1031520	48
20	1031856	70
20	1032011	70
20	1032135	70
20	1032152	89
20	1032444	90
20	1032861	50
20	1033237	72
20	1033340	81
20	1033451	70
20	1033577	70
20	1033613	80
20	1034801	60
20	1034883	80
20	1034904	90
20	1035709	83
20	1036157	20
20	1036736	20
20	1036740	70
20	1037731	81
20	1037847	80
20	1040071	80
20	1040138	85
20	1040692	90
20	1041052	10
20	1041735	74
20	1041884	80
20	1042272	93
20	1042768	50
20	1042991	60
20	1043054	70
20	1043454	85
20	1044366	85
20	1044487	70
20	1044605	80
20	1045024	45
20	1045438	70
20	1045696	80
20	1045697	80
20	1045704	70
20	1047037	40
20	1048259	60
20	1048335	60
20	1048392	68
20	1048943	50
20	1050478	98
20	1051565	89
20	1051689	89
20	1052054	80
20	1052069	74
20	1053349	60
20	1053438	70
20	1053507	42
20	1053653	86
20	1054073	65
20	1054175	80
20	1056790	90
20	1078363	80
20	1081608	70
20	1089503	90
20	1097409	90
20	1097498	50
20	1097504	70
20	1097564	70
20	1097613	90
20	1097991	60
20	1098109	90
20	1098153	80
20	1098161	40
20	1098195	60
20	1098208	80
20	1098209	53
20	1098227	50
20	1098270	74
20	1098288	80
20	1098353	94
20	1098431	60
20	1098445	20
20	1098461	60
20	1098529	85
20	1098559	80
20	1098588	50
20	1098642	76
20	1098650	90
20	1098767	50
20	1098798	75
20	1098895	92
20	1099097	70
20	1100969	100
24	1000286	0
24	1000398	0
24	1000431	0
24	1000529	0
24	1000686	0
24	1002960	30
24	1003229	0
24	1003454	0
24	1005605	0
24	1005938	0
24	1006175	50
24	1007331	0
24	1007420	50
24	1010542	0
24	1012012	70
24	1012395	0
24	1012651	30
24	1013012	30
24	1013354	0
24	1013438	0
24	1014692	0
24	1016600	50
24	1017240	0
24	1017377	50
24	1017555	0
24	1018138	0
24	1018417	0
24	1019448	0
24	1019547	70
24	1020993	50
24	1022601	90
24	1025382	90
24	1025643	0
24	1025801	0
24	1026798	50
24	1027718	70
24	1027798	0
24	1029275	0
24	1029737	90
24	1030710	0
24	1030760	0
24	1032152	50
24	1033613	30
24	1034904	70
24	1037731	90
24	1037847	90
24	1040112	90
24	1040247	0
24	1040692	70
24	1040751	70
24	1041735	30
24	1043051	30
24	1043454	30
24	1043718	50
24	1044366	70
24	1044605	70
24	1045525	0
24	1045696	50
24	1045704	0
24	1046217	0
24	1048259	30
24	1051565	70
24	1052054	90
24	1052069	0
24	1052200	0
24	1053507	70
24	1062394	0
24	1078363	50
24	1086547	0
24	1089503	0
24	1097504	0
24	1097613	0
24	1097970	30
24	1097985	0
24	1098048	50
24	1098109	50
24	1098345	0
24	1098385	0
24	1098447	0
24	1098529	70
